0
2
0
0
2
1
0
0
1
0
2
7
0
1
0
1
1
1
0
0
0
4
1
0
0
1
1
0
0
0
0
0
0
0
0
0
0
0
0
0
1
0
0
0
0
1
0
0
0
0
0
0
0
0
0
0
0
0
0
0
0
3
0
0
2
0
0
0
1
0
0
0
0
0
13
0
0
0
3
0
0
0
0
0
0
1
0
0
0
4
4
6
0
0
0
0
0
0
4
0
2
4
0
0
0
0
3
2
0
0
0
4
1
0
2
8
1
4
0
5
3
0
0
0
11
0
1
0
2
0
0
0
0
0
8
0
2
0
5
3
0
0
0
1
0
1
0
2
0
4
0
0
1
10
1
0
5
2
2
0
6
10
2
0
0
0
6
2
11
0
11
2
0
0
0
0
0
0
0
3
2
0
0
9
1
0
0
0
0
0
0
0
0
0
0
0
0
0
0
4
0
5
2
0
0
1
0
0
0
0
0
0
4
0
0
2
7
1
3
4
0
1
0
0
0
0
0
0
0
0
0
0
1
0
0
0
0
0
0
0
0
1
1
0
0
0
0
1
0
0
0
0
2
0
0
0
0
0
2
0
1
0
1
0
1
0
2
0
0
0
1
11
1
24
3
12
0
8
0
13
8
0
1
1
15
1
0
1
0
0
1
0
5
1
0
0
4
1
0
0
1
2
1
0
0
2
0
1
1
31
1
1
28
1
3
27
0
0
0
1
1
4
0
3
4
2
1
0
1
1
15
7
23
0
0
0
0
0
0
0
0
0
15
0
5
8
3
50
0
0
0
0
0
1
1
5
1
12
11
1
10
11
1
0
1
1
6
0
0
2
1
0
0
4
1
1
9
4
4
3
9
0
0
